%YAML:1.0
depthShift: -1.5203058310790400e+01
