%YAML:1.0
cameraMatrix: !!opencv-matrix
   rows: 3
   cols: 3
   dt: d
   data: [ 3.6634025589242066e+02, 0., 2.5880349759730092e+02, 0.,
       3.6637923043811566e+02, 2.0412147073063312e+02, 0., 0., 1. ]
distortionCoefficients: !!opencv-matrix
   rows: 1
   cols: 5
   dt: d
   data: [ 8.9410016642127749e-02, -3.0806767777266170e-01,
       -1.1808503103102610e-03, 1.0290727163544827e-03,
       1.5714846664493054e-01 ]
rotation: !!opencv-matrix
   rows: 3
   cols: 3
   dt: d
   data: [ 1., 0., 0., 0., 1., 0., 0., 0., 1. ]
projection: !!opencv-matrix
   rows: 4
   cols: 4
   dt: d
   data: [ 3.6634025589242066e+02, 0., 2.5880349759730092e+02, 0., 0.,
       3.6637923043811566e+02, 2.0412147073063312e+02, 0., 0., 0., 1.,
       0., 0., 0., 0., 1. ]
